
=-=-=-=-=-=-=-=-=-=-=-=-=-=-=-=-=-=-=-=-=-=-=-=-=-=-=-=-=-=-=-=-=-=-=-
	Started At:	Apr 24, 2014 10:04:53 AM
	Driver Name:	com.intersys.jdbc.CacheDriver
	Jar File Name:	cachejdbc.jar
	Client Version:	2012.2.4.954
	Compiled At:	Fri 05/24/2013 17:40:23.64
	JDBC Version:	4.0
=-=-=-=-=-=-=-=-=-=-=-=-=-=-=-=-=-=-=-=-=-=-=-=-=-=-=-=-=-=-=-=-=-=-=-

Sent: [Job number = -1]
  2   0   0   0   1   0   0   0   0   0   0   0  72  83      ............HS
 49   0                                                      1.

Received: [Job number = -1]
 13   0   0   0   1   0   0   0   0   0   0   0   0   0      ..............
 49   0   1   0   9   1  85 110 105  99 111 100 101          1.....Unicode

Sent: [Job number = -1]
108   0   0   0   2   0   0   0   0   0   0   0  67  78      l...........CN
  3   1   0   8   1 152 152 121 186 153 155  11   1 208      .......y......
 50  20  84  25  19 186 180 190   8   1 112 111 117 110      2.T.......poun
100  99  15   1  49  54  48  87  45  80  79  85  78  68      dc..160W-POUND
 45  48  49  27   1  99 111 109  46 103 102  46 110 121      -01..com.gf.ny
 46 115 114  99  46  72 108  55  84 111  84  97  98 108      .src.Hl7ToTabl
101 115  14   1   6   0   1   0   0   0   0   0   2   0      es............
  0   0  14   1  49  55  50  46  50  55  46  51  46  49      ....172.27.3.1
 53  49   3   1   0   3   4   1   2   4                      51........

Received: [Job number = -1]
 15   0   0   0   2   0   0   0   0   0   0   0 161   1      ..............
 15   1  65  99  99 101 115 115  32  68 101 110 105 101      ..Access.Denie
100                                                          d

=-=-=-=-=-=-=-=-=-=-=-=-=-=-=-=-=-=-=-=-=-=-=-=-=-=-=-=-=-=-=-=-=-=-=-
	Started At:	Apr 24, 2014 2:49:56 PM
	Driver Name:	com.intersys.jdbc.CacheDriver
	Jar File Name:	cachejdbc.jar
	Client Version:	2012.2.4.954
	Compiled At:	Fri 05/24/2013 17:40:23.64
	JDBC Version:	4.0
=-=-=-=-=-=-=-=-=-=-=-=-=-=-=-=-=-=-=-=-=-=-=-=-=-=-=-=-=-=-=-=-=-=-=-

Sent: [Job number = -1]
  2   0   0   0   1   0   0   0   0   0   0   0  72  83      ............HS
 49   0                                                      1.

=-=-=-=-=-=-=-=-=-=-=-=-=-=-=-=-=-=-=-=-=-=-=-=-=-=-=-=-=-=-=-=-=-=-=-
	Started At:	Apr 24, 2014 2:51:24 PM
	Driver Name:	com.intersys.jdbc.CacheDriver
	Jar File Name:	cachejdbc.jar
	Client Version:	2012.2.4.954
	Compiled At:	Fri 05/24/2013 17:40:23.64
	JDBC Version:	4.0
=-=-=-=-=-=-=-=-=-=-=-=-=-=-=-=-=-=-=-=-=-=-=-=-=-=-=-=-=-=-=-=-=-=-=-

Sent: [Job number = -1]
  2   0   0   0   1   0   0   0   0   0   0   0  72  83      ............HS
 49   0                                                      1.

=-=-=-=-=-=-=-=-=-=-=-=-=-=-=-=-=-=-=-=-=-=-=-=-=-=-=-=-=-=-=-=-=-=-=-
	Started At:	Apr 24, 2014 3:06:50 PM
	Driver Name:	com.intersys.jdbc.CacheDriver
	Jar File Name:	cachejdbc.jar
	Client Version:	2012.2.4.954
	Compiled At:	Fri 05/24/2013 17:40:23.64
	JDBC Version:	4.0
=-=-=-=-=-=-=-=-=-=-=-=-=-=-=-=-=-=-=-=-=-=-=-=-=-=-=-=-=-=-=-=-=-=-=-

Sent: [Job number = -1]
  2   0   0   0   1   0   0   0   0   0   0   0  72  83      ............HS
 49   0                                                      1.

Received: [Job number = -1]
 13   0   0   0   1   0   0   0   0   0   0   0   0   0      ..............
 48   0   1   0   9   1  85 110 105  99 111 100 101          0.....Unicode

Sent: [Job number = -1]
108   0   0   0   2   0   0   0   0   0   0   0  67  78      l...........CN
  3   1   0   8   1 152 152 121 186 153 155  11   1 208      .......y......
 50  20  84  25  19 186 180 190   8   1 112 111 117 110      2.T.......poun
100  99  15   1  49  54  48  87  45  80  79  85  78  68      dc..160W-POUND
 45  48  49  27   1  99 111 109  46 103 102  46 110 121      -01..com.gf.ny
 46 115 114  99  46  72 108  55  84 111  84  97  98 108      .src.Hl7ToTabl
101 115  14   1   6   0   1   0   0   0   0   0   2   0      es............
  0   0  14   1  49  55  50  46  50  55  46  51  46  49      ....172.27.3.1
 53  49   3   1   0   3   4   1   2   4                      51........

Received: [Job number = -1]
 15   0   0   0   2   0   0   0   0   0   0   0 161   1      ..............
 15   1  65  99  99 101 115 115  32  68 101 110 105 101      ..Access.Denie
100                                                          d

=-=-=-=-=-=-=-=-=-=-=-=-=-=-=-=-=-=-=-=-=-=-=-=-=-=-=-=-=-=-=-=-=-=-=-
	Started At:	Apr 24, 2014 3:07:37 PM
	Driver Name:	com.intersys.jdbc.CacheDriver
	Jar File Name:	cachejdbc.jar
	Client Version:	2012.2.4.954
	Compiled At:	Fri 05/24/2013 17:40:23.64
	JDBC Version:	4.0
=-=-=-=-=-=-=-=-=-=-=-=-=-=-=-=-=-=-=-=-=-=-=-=-=-=-=-=-=-=-=-=-=-=-=-

Sent: [Job number = -1]
  2   0   0   0   1   0   0   0   0   0   0   0  72  83      ............HS
 49   0                                                      1.

Received: [Job number = -1]
 13   0   0   0   1   0   0   0   0   0   0   0   0   0      ..............
 48   0   1   0   9   1  85 110 105  99 111 100 101          0.....Unicode

Sent: [Job number = -1]
108   0   0   0   2   0   0   0   0   0   0   0  67  78      l...........CN
  3   1   0   8   1 152 152 121 186 153 155  11   1 208      .......y......
 50  20  84  25  19 186 180 190   8   1 112 111 117 110      2.T.......poun
100  99  15   1  49  54  48  87  45  80  79  85  78  68      dc..160W-POUND
 45  48  49  27   1  99 111 109  46 103 102  46 110 121      -01..com.gf.ny
 46 115 114  99  46  72 108  55  84 111  84  97  98 108      .src.Hl7ToTabl
101 115  14   1   6   0   1   0   0   0   0   0   2   0      es............
  0   0  14   1  49  55  50  46  50  55  46  51  46  49      ....172.27.3.1
 53  49   3   1   0   3   4   1   2   4                      51........

Received: [Job number = -1]
 15   0   0   0   2   0   0   0   0   0   0   0 161   1      ..............
 15   1  65  99  99 101 115 115  32  68 101 110 105 101      ..Access.Denie
100                                                          d

=-=-=-=-=-=-=-=-=-=-=-=-=-=-=-=-=-=-=-=-=-=-=-=-=-=-=-=-=-=-=-=-=-=-=-
	Started At:	Apr 24, 2014 3:09:49 PM
	Driver Name:	com.intersys.jdbc.CacheDriver
	Jar File Name:	cachejdbc.jar
	Client Version:	2012.2.4.954
	Compiled At:	Fri 05/24/2013 17:40:23.64
	JDBC Version:	4.0
=-=-=-=-=-=-=-=-=-=-=-=-=-=-=-=-=-=-=-=-=-=-=-=-=-=-=-=-=-=-=-=-=-=-=-

Sent: [Job number = -1]
  2   0   0   0   1   0   0   0   0   0   0   0  72  83      ............HS
 49   0                                                      1.

=-=-=-=-=-=-=-=-=-=-=-=-=-=-=-=-=-=-=-=-=-=-=-=-=-=-=-=-=-=-=-=-=-=-=-
	Started At:	Apr 24, 2014 3:49:41 PM
	Driver Name:	com.intersys.jdbc.CacheDriver
	Jar File Name:	cachejdbc.jar
	Client Version:	2012.2.4.954
	Compiled At:	Fri 05/24/2013 17:40:23.64
	JDBC Version:	4.0
=-=-=-=-=-=-=-=-=-=-=-=-=-=-=-=-=-=-=-=-=-=-=-=-=-=-=-=-=-=-=-=-=-=-=-

Sent: [Job number = -1]
  2   0   0   0   1   0   0   0   0   0   0   0  72  83      ............HS
 49   0                                                      1.

=-=-=-=-=-=-=-=-=-=-=-=-=-=-=-=-=-=-=-=-=-=-=-=-=-=-=-=-=-=-=-=-=-=-=-
	Started At:	Apr 30, 2014 4:22:34 PM
	Driver Name:	com.intersys.jdbc.CacheDriver
	Jar File Name:	cachejdbc.jar
	Client Version:	2012.2.4.954
	Compiled At:	Fri 05/24/2013 17:40:23.64
	JDBC Version:	4.0
=-=-=-=-=-=-=-=-=-=-=-=-=-=-=-=-=-=-=-=-=-=-=-=-=-=-=-=-=-=-=-=-=-=-=-

Sent: [Job number = -1]
  2   0   0   0   1   0   0   0   0   0   0   0  72  83      ............HS
 49   0                                                      1.

Received: [Job number = -1]
 13   0   0   0   1   0   0   0   0   0   0   0   0   0      ..............
 49   0   1   0   9   1  85 110 105  99 111 100 101          1.....Unicode

Sent: [Job number = -1]
108   0   0   0   2   0   0   0   0   0   0   0  67  78      l...........CN
  3   1   0   8   1 152 152 121 186 153 155  11   1 208      .......y......
 50  20  84  25  19 186 180 190   8   1 112 111 117 110      2.T.......poun
100  99  15   1  49  54  48  87  45  80  79  85  78  68      dc..160W-POUND
 45  48  49  27   1  99 111 109  46 103 102  46 110 121      -01..com.gf.ny
 46 115 114  99  46  72 108  55  84 111  84  97  98 108      .src.Hl7ToTabl
101 115  14   1   6   0   1   0   0   0   0   0   2   0      es............
  0   0  14   1  49  55  50  46  50  55  46  51  46  49      ....172.27.3.1
 53  49   3   1   0   3   4   1   2   4                      51........

Received: [Job number = -1]
 15   0   0   0   2   0   0   0   0   0   0   0 161   1      ..............
 15   1  65  99  99 101 115 115  32  68 101 110 105 101      ..Access.Denie
100                                                          d
